597.0 2
590.0 4
549.0 6
485.0 9
423.0 11
379.0 13
359.0 16
357.0 18
367.0 20
381.0 23
392.0 28
387.0 37
408.0 48
397.0 57
405.0 66
403.0 75
413.0 84
410.0 94
413.0 103
423.0 114
421.0 124
424.0 135
427.0 145
429.0 155
430.0 165
428.0 176
441.0 187
430.0 197
443.0 207
439.0 218
449.0 228
438.0 238
452.0 249
445.0 260
463.0 270
453.0 280
468.0 290
461.0 301
472.0 311
468.0 322
484.0 332
473.0 343
496.0 353
476.0 363
485.0 373
473.0 385
483.0 395
478.0 405
484.0 415
483.0 425
483.0 436
482.0 447
489.0 457
478.0 467
455.0 478
600.0 488
771.0 498
637.0 508
491.0 520
513.0 530
503.0 540
505.0 550
489.0 561
501.0 571
492.0 582
505.0 592
496.0 603
507.0 613
504.0 623
520.0 633
517.0 644
527.0 655
532.0 665
542.0 675
540.0 686
541.0 696
548.0 706
557.0 717
556.0 728
548.0 738
549.0 748
525.0 758
522.0 769
502.0 780
506.0 790
506.0 800
511.0 811
499.0 821
513.0 831
498.0 841
517.0 852
497.0 863
508.0 873
502.0 883
512.0 893
501.0 904
521.0 915
513.0 925
516.0 935
511.0 946
503.0 956
511.0 966
497.0 976
508.0 988
500.0 998
510.0 1008
500.0 1019
508.0 1031
506.0 1042
515.0 1054
503.0 1065
513.0 1077
503.0 1088
515.0 1099
511.0 1111
512.0 1123
519.0 1134
527.0 1145
533.0 1157
536.0 1168
531.0 1180
538.0 1191
521.0 1203
526.0 1214
512.0 1225
514.0 1236
509.0 1249
509.0 1260
514.0 1271
500.0 1283
518.0 1294
468.0 1305
524.0 1317
740.0 1329
698.0 1340
519.0 1351
522.0 1362
517.0 1374
509.0 1386
502.0 1397
508.0 1409
502.0 1420
518.0 1431
512.0 1442
526.0 1455
522.0 1466
535.0 1477
536.0 1488
533.0 1500
544.0 1512
543.0 1523
564.0 1534
556.0 1546
566.0 1557
567.0 1568
548.0 1581
540.0 1592
515.0 1603
518.0 1614
496.0 1626
496.0 1637
496.0 1649
488.0 1660
500.0 1672
492.0 1683
499.0 1694
493.0 1705
503.0 1718
500.0 1729
495.0 1740
503.0 1752
492.0 1763
501.0 1774
495.0 1786
503.0 1798
496.0 1809
498.0 1820
497.0 1831
485.0 1843
506.0 1855
493.0 1866
490.0 1878
497.0 1889
484.0 1900
499.0 1912
479.0 1924
491.0 1935
490.0 1946
490.0 1957
490.0 1969
485.0 1981
506.0 1992
489.0 2003
515.0 2015
507.0 2026
511.0 2037
508.0 2050
496.0 2061
497.0 2072
486.0 2083
496.0 2095
482.0 2106
495.0 2118
490.0 2129
486.0 2141
463.0 2152
539.0 2163
769.0 2174
622.0 2187
493.0 2198
514.0 2209
491.0 2221
494.0 2232
479.0 2244
494.0 2255
488.0 2267
494.0 2278
496.0 2289
494.0 2300
506.0 2313
507.0 2324
516.0 2335
519.0 2347
525.0 2358
527.0 2369
527.0 2381
551.0 2393
534.0 2404
552.0 2415
518.0 2426
531.0 2438
508.0 2450
486.0 2461
497.0 2472
478.0 2484
490.0 2495
478.0 2506
488.0 2519
492.0 2530
484.0 2541
504.0 2552
482.0 2564
497.0 2575
488.0 2587
496.0 2598
494.0 2610
489.0 2621
491.0 2632
482.0 2644
504.0 2656
488.0 2667
494.0 2678
495.0 2690
490.0 2701
499.0 2713
483.0 2724
498.0 2736
488.0 2747
499.0 2758
503.0 2769
496.0 2782
507.0 2793
492.0 2804
511.0 2816
505.0 2827
512.0 2838
519.0 2850
505.0 2862
518.0 2873
497.0 2884
508.0 2895
492.0 2907
502.0 2919
494.0 2930
486.0 2941
498.0 2953
486.0 2964
483.0 2976
465.0 2988
652.0 2999
752.0 3010
552.0 3021
504.0 3033
516.0 3045
513.0 3056
497.0 3067
506.0 3079
500.0 3090
502.0 3101
514.0 3113
502.0 3125
517.0 3136
514.0 3147
520.0 3159
521.0 3170
519.0 3182
532.0 3193
523.0 3205
544.0 3216
533.0 3227
553.0 3238
552.0 3251
527.0 3262
528.0 3273
499.0 3284
510.0 3296
490.0 3307
495.0 3319
500.0 3331
490.0 3342
507.0 3353
488.0 3364
501.0 3377
488.0 3388
499.0 3399
494.0 3410
490.0 3422
496.0 3433
474.0 3445
496.0 3457
480.0 3468
492.0 3479
480.0 3490
479.0 3502
497.0 3514
476.0 3525
491.0 3536
479.0 3548
492.0 3559
483.0 3570
485.0 3582
493.0 3594
480.0 3605
491.0 3616
482.0 3628
493.0 3639
502.0 3651
501.0 3662
519.0 3674
516.0 3685
516.0 3696
503.0 3708
508.0 3720
499.0 3731
496.0 3742
511.0 3753
490.0 3765
510.0 3777
498.0 3788
494.0 3800
476.0 3811
616.0 3822
783.0 3833
572.0 3846
505.0 3857
519.0 3868
493.0 3879
495.0 3891
481.0 3902
498.0 3914
484.0 3926
495.0 3937
491.0 3948
491.0 3959
494.0 3971
495.0 3983
507.0 3994
501.0 4005
521.0 4017
520.0 4028
529.0 4039
546.0 4051
539.0 4063
545.0 4074
517.0 4085
513.0 4097
487.0 4109
496.0 4120
489.0 4131
480.0 4143
490.0 4154
482.0 4165
498.0 4177
489.0 4189
500.0 4200
502.0 4211
491.0 4222
509.0 4234
492.0 4246
510.0 4257
491.0 4269
494.0 4280
489.0 4291
485.0 4302
498.0 4315
470.0 4326
504.0 4337
480.0 4348
485.0 4360
483.0 4371
477.0 4383
493.0 4395
478.0 4406
500.0 4417
478.0 4428
487.0 4441
491.0 4452
490.0 4463
511.0 4474
514.0 4486
539.0 4497
540.0 4509
554.0 4520
564.0 4532
558.0 4543
559.0 4554
539.0 4566
549.0 4578
528.0 4589
544.0 4600
550.0 4612
529.0 4623
527.0 4634
514.0 4646
476.0 4658
594.0 4669
780.0 4680
570.0 4691
504.0 4703
502.0 4715
510.0 4726
501.0 4738
502.0 4749
506.0 4760
506.0 4771
500.0 4784
508.0 4795
498.0 4806
520.0 4817
510.0 4829
522.0 4841
529.0 4852
535.0 4864
558.0 4875
534.0 4886
577.0 4897
555.0 4910
570.0 4921
549.0 4932
527.0 4943
522.0 4955
492.0 4966
500.0 4978
491.0 4989
490.0 5001
496.0 5012
493.0 5023
507.0 5035
512.0 5047
515.0 5058
498.0 5069
501.0 5081
505.0 5092
483.0 5103
491.0 5115
474.0 5127
482.0 5138
477.0 5149
487.0 5160
478.0 5173
496.0 5184
492.0 5195
488.0 5207
492.0 5218
495.0 5229
492.0 5241
510.0 5253
497.0 5264
512.0 5275
496.0 5286
515.0 5298
495.0 5310
509.0 5321
513.0 5332
491.0 5344
517.0 5355
484.0 5366
484.0 5379
502.0 5390
471.0 5401
496.0 5412
497.0 5424
472.0 5435
462.0 5447
441.0 5458
544.0 5470
752.0 5481
611.0 5492
475.0 5504
513.0 5516
378.0 5527
283.0 5538
138.0 5550
77.0 5560
90.0 5570
136.0 5582
227.0 5594
396.0 5605
478.0 5616
487.0 5627
568.0 5640
583.0 5651
620.0 5662
620.0 5673
615.0 5685
626.0 5696
621.0 5708
636.0 5720
623.0 5731
595.0 5742
599.0 5753
575.0 5765
584.0 5777
562.0 5788
566.0 5799
566.0 5811
558.0 5822
556.0 5833
534.0 5846
557.0 5857
531.0 5868
548.0 5879
527.0 5891
531.0 5902
536.0 5914
525.0 5925
536.0 5937
541.0 5948
541.0 5959
537.0 5971
541.0 5983
540.0 5994
529.0 6005
545.0 6017
529.0 6028
550.0 6040
543.0 6051
547.0 6063
547.0 6074
532.0 6085
537.0 6096
511.0 6109
528.0 6120
521.0 6131
533.0 6142
527.0 6154
515.0 6165
520.0 6177
478.0 6189
651.0 6200
775.0 6211
589.0 6222
507.0 6234
533.0 6246
517.0 6257
502.0 6268
501.0 6280
509.0 6291
512.0 6302
505.0 6315
506.0 6326
501.0 6337
507.0 6348
513.0 6360
499.0 6372
514.0 6383
516.0 6394
508.0 6406
529.0 6417
517.0 6428
543.0 6440
524.0 6452
500.0 6463
503.0 6474
474.0 6486
484.0 6497
469.0 6509
477.0 6520
469.0 6532
476.0 6543
487.0 6554
472.0 6565
489.0 6578
480.0 6589
487.0 6600
481.0 6611
483.0 6623
483.0 6634
482.0 6646
481.0 6658
479.0 6669
485.0 6680
474.0 6691
487.0 6704
488.0 6715
479.0 6726
490.0 6737
488.0 6749
492.0 6760
488.0 6772
503.0 6784
505.0 6795
504.0 6806
510.0 6817
489.0 6829
487.0 6841
487.0 6852
483.0 6863
495.0 6875
473.0 6886
498.0 6897
485.0 6909
497.0 6921
445.0 6932
547.0 6943
766.0 6955
633.0 6966
496.0 6978
504.0 6989
519.0 7001
495.0 7012
500.0 7023
501.0 7034
498.0 7047
509.0 7058
498.0 7069
512.0 7080
504.0 7092
513.0 7104
530.0 7115
523.0 7127
523.0 7138
533.0 7149
542.0 7160
543.0 7173
551.0 7184
551.0 7195
532.0 7206
525.0 7218
504.0 7229
505.0 7241
497.0 7252
496.0 7264
502.0 7275
496.0 7286
497.0 7298
485.0 7310
507.0 7321
494.0 7332
492.0 7344
504.0 7355
502.0 7366
505.0 7378
492.0 7390
506.0 7401
500.0 7412
501.0 7424
505.0 7436
494.0 7447
507.0 7458
500.0 7470
500.0 7481
489.0 7492
495.0 7504
502.0 7516
495.0 7527
504.0 7538
504.0 7549
507.0 7561
503.0 7573
517.0 7584
513.0 7596
520.0 7607
524.0 7618
493.0 7629
517.0 7642
493.0 7653
498.0 7664
502.0 7675
489.0 7687
500.0 7698
490.0 7710
494.0 7721
487.0 7733
454.0 7744
592.0 7755
769.0 7767
599.0 7779
489.0 7790
530.0 7801
499.0 7813
485.0 7824
502.0 7836
487.0 7847
493.0 7859
484.0 7870
499.0 7881
495.0 7892
501.0 7905
509.0 7916
503.0 7927
519.0 7939
504.0 7950
538.0 7961
538.0 7973
546.0 7985
554.0 7996
547.0 8007
540.0 8018
511.0 8030
512.0 8042
493.0 8053
493.0 8065
493.0 8076
495.0 8087
498.0 8098
480.0 8111
498.0 8122
481.0 8133
489.0 8144
498.0 8156
491.0 8168
508.0 8179
492.0 8190
499.0 8202
490.0 8213
493.0 8224
501.0 8237
492.0 8248
505.0 8259
492.0 8270
500.0 8282
489.0 8293
488.0 8305
502.0 8316
479.0 8328
507.0 8339
482.0 8350
500.0 8361
496.0 8374
501.0 8385
506.0 8396
493.0 8408
511.0 8419
503.0 8430
512.0 8442
504.0 8454